{"boneNames": ["Hips", "LeftUpLeg", "LeftLeg", "LeftFoot", "LeftToeBase", "RightUpLeg", "RightLeg", "RightFoot", "RightToeBase", "Spine", "Spine1", "Spine2", "Spine3", "Neck", "Head", "LeftShoulder", "LeftArm", "LeftForeArm", "LeftHand", "RightShoulder", "RightArm", "RightForeArm", "RightHand"], "boneCount": 23, "parentIndices": [0, 0, 1, 2, 3, 0, 5, 6, 7, 0, 9, 10, 11, 12, 13, 12, 15, 16, 17, 12, 19, 20, 21], "children": [[1, 5, 9], [2], [3], [4], [], [6], [7], [8], [], [10], [11], [12], [13, 15, 19], [14], [], [16], [17], [18], [], [20], [21], [22], []], "tposeTransforms": [[[0.9998488426208496, 0.0012731216847896576, 0.017344404011964798, 0.00013649006723426282], [-0.0018629997043300428, 0.999418789052477, 0.0340360977515175, 0.8552901196842482], [-0.01729099129855735, -0.03406327749451776, 0.9992700158728454, -0.021367265701497162], [0.0, 0.0, 0.0, 1.0]], [[0.9868272457178262, -0.1411997934208762, -0.07896056050163189, 0.11327598870828648], [0.1403489681713526, 0.9899686714461319, -0.016250924390138484, 0.8550794345591075], [0.08046309302984377, 0.0049548023878870015, 0.9967451873115272, -0.023323793311115126], [0.0, 0.0, 0.0, 1.0]], [[0.9917587797588298, -0.12785830449516522, 0.008174396693512529, 0.1672156456764441], [0.1280009476001887, 0.9860816211852201, -0.10610702847646443, 0.4769073020295026], [0.005506030599662447, 0.10627887642844065, 0.9943210554388896, -0.02517714511057191], [0.0, 0.0, 0.0, 1.0]], [[0.9727652344313859, -0.12381935134415564, 0.19595027879761573, 0.21823232204189535], [0.19397400921099164, 0.8976428133282237, -0.3957414504932645, 0.08345276627438034], [-0.12689291804693542, 0.42297278087845314, 0.8972134264044597, -0.06758319024188593], [0.0, 0.0, 0.0, 1.0]], [[0.9724525970953553, -0.1767361062249631, 0.15198783353867662, 0.24813758260650884], [0.186718971314079, 0.9809270792663791, -0.05401840270922831, 0.023056200435030885], [-0.1395419846712116, 0.0809093740525666, 0.9869049937315448, 0.0693464285435431], [0.0, 0.0, 0.0, 1.0]], [[0.9904043519135903, 0.1275677298566833, 0.05315939919505071, -0.11274579189591742], [-0.12632699392224972, 0.9916453168420996, -0.0260939165184619, 0.855500516836701], [-0.05604400421566259, 0.019128045822084154, 0.9982450386545553, -0.019415096032100863], [0.0, 0.0, 0.0, 1.0]], [[0.9904035027372889, 0.13768899860596642, -0.01194649658647629, -0.16147700807562948], [-0.13791009998280937, 0.9789261018246701, -0.1506127364005714, 0.4766884877137349], [-0.009042972310300351, 0.1508149068084501, 0.9885206134072794, -0.026724260815333734], [0.0, 0.0, 0.0, 1.0]], [[0.9796774118026501, 0.019254923348758266, -0.19965398164391865, -0.2164160490846568], [-0.10620912532795665, 0.8941841256537681, -0.43491854350367504, 0.0860884371193174], [0.1701531147277125, 0.4472848590538534, 0.878057112705123, -0.08690059924144651], [0.0, 0.0, 0.0, 1.0]], [[0.9792271074054402, 0.08148519653380852, -0.18567365989192328, -0.24688639495293332], [-0.10449696733264266, 0.9875337463173928, -0.11771653296297907, 0.019712548992030107], [0.17376688100533713, 0.13467345460101587, 0.9755347984010189, 0.04710550358971097], [0.0, 0.0, 0.0, 1.0]], [[0.9998566048719287, -0.011119054380524122, 0.012769168768170587, -0.00011180026146528324], [0.011071994014018654, 0.9999315301117332, 0.003750091730205223, 0.9426735096870815], [-0.012809993576030744, -0.003608192826427759, 0.9999112104412884, -0.045154820804944755], [0.0, 0.0, 0.0, 1.0]], [[0.9999494292782355, -0.009492174082041109, 0.003284832144353646, -0.0010951910748374218], [0.009558990807190311, 0.9997343851181807, -0.020961945482063284, 1.0311087736893212], [-0.0030849863194499613, 0.020992265781008167, 0.9997746223052488, -0.045473966464799336], [0.0, 0.0, 0.0, 1.0]], [[0.9999472336113161, -0.008166053277001335, -0.0061918374023806335, -0.0022040617531584217], [0.007875000976061428, 0.998925862783279, -0.04565597804931633, 1.1479005436291705], [0.0065580154262714725, 0.045604796245041074, 0.9989376918441069, -0.04302149511880308], [0.0, 0.0, 0.0, 1.0]], [[0.9999579092717059, -0.005524242288817597, 0.0072855759346624385, -0.003163250802359655], [0.006022995494903812, 0.9975064110067816, -0.07031393291805577, 1.2652411478848893], [-0.006878981343113483, 0.07035485144773239, 0.9974979360753715, -0.03766448420396413], [0.0, 0.0, 0.0, 1.0]], [[0.9999491742718942, 0.009194953978875941, 0.004060127679263422, -0.004138662191790419], [-0.008896013539213378, 0.9976212482713971, -0.0683529891537773, 1.441383892764911], [-0.004678975312521691, 0.06831339702443266, 0.9976525512460716, -0.025241905131069255], [0.0, 0.0, 0.0, 1.0]], [[0.9999621637726466, -0.008669945153655411, -4.628465027058039e-05, -0.0042889358062471695], [0.008669994870367622, 0.9999614190304639, 0.0012980692034840133, 1.5432326221079433], [3.5026551973406665e-05, -0.0012984386909529536, 0.999998903615573, -0.01935528458888953], [0.0, 0.0, 0.0, 1.0]], [[0.07329209483106293, 0.9871768252576819, 0.1418083680174752, 0.022472212805855856], [-0.9958734958496159, 0.08007250142417374, -0.04270576729464848, 1.3768729418373977], [-0.0535130821436442, -0.13809322893489354, 0.9889721977649766, -0.029982869698209253], [0.0, 0.0, 0.0, 1.0]], [[-0.7001295665041559, 0.7077284532630006, 0.09454363415247546, 0.1292219397659398], [-0.7132538237216868, -0.6993387633344283, -0.04683672495599747, 1.3855313927475386], [0.032970368882544066, -0.10022538444503241, 0.994418016244977, -0.04491545645478838], [0.0, 0.0, 0.0, 1.0]], [[-0.6542212408047637, 0.7515334058743133, -0.08480289618787379, 0.3064592705789292], [-0.7562416493060468, -0.6486161524941885, 0.08599425167356683, 1.203228389205163], [0.009623045840779637, 0.12039081873777, 0.9926796042281082, -0.07487216531125968], [0.0, 0.0, 0.0, 1.0]], [[-0.8581364915647344, 0.506661159038531, -0.08303900407077618, 0.4940482838847212], [-0.5131675905642623, -0.8413395614540189, 0.16972314255628884, 1.025753948086849], [0.016128142277162028, 0.18825865783552592, 0.9819865863240355, -0.048715712155790916], [0.0, 0.0, 0.0, 1.0]], [[0.03767391292611936, -0.9953912247047183, -0.08818399867449567, -0.03003336975144694], [0.9987610453300251, 0.04037734482089871, -0.029076092061660147, 1.3765569081491045], [0.0325027218127078, -0.08697935194177389, 0.9956792935636356, -0.029621619016208068], [0.0, 0.0, 0.0, 1.0]], [[-0.7030190505559897, -0.7046090586537368, -0.09638185390756847, -0.13389950812191098], [0.7111646582440982, -0.6959826010361457, -0.09925782999877186, 1.3807696079114304], [0.002857861765332148, -0.13832354993656937, 0.9903823326185338, -0.038698598400195086], [0.0, 0.0, 0.0, 1.0]], [[-0.7287869596373137, -0.6811305222519648, 0.07021335567093, -0.3161688682006363], [0.6846167986163805, -0.7267590086106077, 0.05585890867112753, 1.2017370499114133], [0.012980973042536714, 0.08877851210482438, 0.9959662311356423, -0.07980133686070409], [0.0, 0.0, 0.0, 1.0]], [[-0.8287355929423981, -0.5417779088349255, 0.14026056504355952, -0.4879247066380977], [0.5596240994615366, -0.8004075736569738, 0.2148662748500364, 1.0228533538671765], [-0.004144197712509234, 0.25656064171974435, 0.9665185601062661, -0.05799967313392582], [0.0, 0.0, 0.0, 1.0]]], "zeroTransforms": [[[1.0, 0.0, 0.0, 0.0], [0.0, 1.0, 0.0, 0.0], [0.0, 0.0, 1.0, 0.0], [0.0, 0.0, 0.0, 1.0]], [[0.9850251674652102, -0.14310841262340548, -0.09615305066108706, 0.11315660178661348], [0.13878293335437775, 0.9890449047088623, -0.0502944067120552, 1.234002411837137e-07], [0.10229723155498505, 0.03619685024023057, 0.9940950870513917, 6.645917949646418e-08], [0.0, 0.0, 0.0, 1.0]], [[0.9971022605895996, 0.020773049443960148, 0.07318086922168732, 3.91170351576875e-06], [-0.013291885145008592, 0.9947701692581177, -0.10127018392086028, -0.382004052400589], [-0.07490183413028717, 0.10000401735305786, 0.9921637773513794, 3.92156835005153e-05], [0.0, 0.0, 0.0, 1.0]], [[0.9888786077499391, -0.005570856854319559, 0.1486202031373978, 1.7859041179235646e-07], [0.05341209471225736, 0.9459335803985595, -0.3199324011802673, -0.3990080952644347], [-0.13880254328250885, 0.32431244850158697, 0.9357110261917116, 8.642673066105999e-08], [0.0, 0.0, 0.0, 1.0]], [[0.9998936653137208, 0.00808483734726903, 0.012139041908085374, 2.9802322387695312e-08], [-0.011823935434222221, 0.9366281032562256, 0.3501257896423339, 1.1563300715165467e-07], [-0.008539057336747646, -0.35023206472396845, 0.9366240501403807, 0.15261650085449216], [0.0, 0.0, 0.0, 1.0]], [[0.991458892822266, 0.1253702491521836, 0.03593932092189789, -0.11289934813976289], [-0.12308364361524579, 0.9905799627304076, -0.06001456454396248, 6.470828851825455e-08], [-0.043124809861183167, 0.055078428238630295, 0.9975503683090211, 3.024935680065455e-08], [0.0, 0.0, 0.0, 1.0]], [[0.9988282918930056, 0.004250667057931437, -0.04820606112480164, 2.3052095343700785e-07], [-0.010587404482066604, 0.9911971092224121, -0.13196994364261627, -0.38200357556343073], [0.04722075164318085, 0.1323256939649582, 0.9900808334350586, -2.173781240330519e-06], [0.0, 0.0, 0.0, 1.0]], [[0.9833844900131226, -0.10829170793294905, -0.14569856226444244, 6.824731713095389e-08], [0.05658150464296344, 0.9454488754272461, -0.32081925868988037, -0.39900869131088257], [0.1724926084280014, 0.30724477767944336, 0.9358670711517334, 1.2218951893350205e-07], [0.0, 0.0, 0.0, 1.0]], [[0.9999918937683107, -0.0021407997701316794, -0.0034074150025844244, 1.7508864402770996e-07], [0.003138697473332286, 0.9448436498641967, 0.32750657200813293, -7.987021889352408e-08], [0.0025183483958243977, -0.3275146186351775, 0.9448426961898805, 0.15261662006378174], [0.0, 0.0, 0.0, 1.0]], [[0.9999061822891236, -0.012917854823172096, -0.004529207013547427, 2.6244669015828333e-07], [0.012774850241839884, 0.9994592666625975, -0.030296074226498607, 0.08814258128404613], [0.004918118938803674, 0.03023537434637547, 0.9995305538177491, -0.02080030925571919], [0.0, 0.0, 0.0, 1.0]], [[0.9999514818191528, 0.001309332554228602, -0.00975483935326338, -6.556510886621646e-09], [-0.0015490216901525855, 0.9996960163116454, -0.024604402482509613, 0.0884413197636606], [0.009719659574329853, 0.024618320167064667, 0.9996496438980104, -3.241119017616256e-08], [0.0, 0.0, 0.0, 1.0]], [[0.9999519586563108, 0.0012423960724845511, -0.00970966089516878, 3.137625626025223e-08], [-0.0014810935826972092, 0.9996957778930663, -0.0246150977909565, 0.11682280153036123], [0.009676125831902025, 0.024628300219774243, 0.9996497631072997, 9.616545781215846e-08], [0.0, 0.0, 0.0, 1.0]], [[0.9999079704284667, 0.0027928061317652464, 0.013273085467517378, 5.068257280310337e-08], [-0.002462896751239894, 0.9996892213821412, -0.024807201698422418, 0.11746677756309495], [-0.013338242657482624, 0.024772228673100465, 0.9996041059494019, -3.791414115994485e-08], [0.0, 0.0, 0.0, 1.0]], [[0.9998862743377683, 0.0147333201020956, -0.0032145672012120485, 8.244067117944148e-08], [-0.014726987108588217, 0.999889612197876, 0.0019847513176500797, 0.1765830069780351], [0.003243454033508895, -0.001937184832058833, 0.999992847442627, -8.938205269294619e-07], [0.0, 0.0, 0.0, 1.0]], [[0.999834664634929, -0.017559108190795793, -0.004736801674201714, -0.0010838574506296583], [0.017846382557363497, 0.9974149127750861, 0.06960794494052755, 0.10200726867766809], [0.0035023027234766663, -0.06968097076718187, 0.9975633138166857, -0.0010894713227285746], [0.0, 0.0, 0.0, 1.0]], [[0.06765902042388915, 0.9885680675506591, 0.1347421407699585, 0.02625391632318496], [-0.9975606203079224, 0.06470394134521487, 0.026196375489234924, 0.11175232380628576], [0.017178554087877267, -0.13618586957454681, 0.9905344247817993, -1.0369345204708225e-07], [0.0, 0.0, 0.0, 1.0]], [[0.6572326421737671, 0.7536876797676086, 0.00035835616290569305, 2.8133391085337356e-07], [-0.7528170943260194, 0.6564961671829223, -0.04774148389697076, 0.10813631117343901], [-0.03621742874383925, 0.03110748901963233, 0.9988596439361573, 3.242492709783218e-07], [0.0, 0.0, 0.0, 1.0]], [[0.99774968624115, -0.05957347527146334, 0.030766298994421973, 0.004951546899974318], [0.0648937150835992, 0.9734183549880981, -0.21964839100837708, 0.2559300363063813], [-0.016863262280821793, 0.221150666475296, 0.9750938415527343, -0.004494364373385913], [0.0, 0.0, 0.0, 1.0]], [[0.9496455192565916, 0.30659934878349293, -0.06457618623971938, 0.011740569025278258], [-0.3101279437541962, 0.94914448261261, -0.05426966771483423, 0.2592413723468782], [0.04465309530496597, 0.07156383246183395, 0.9964358806610107, -0.00520490994676949], [0.0, 0.0, 0.0, 1.0]], [[0.0434643030166626, -0.9945083856582639, -0.09520472586154936, -0.02625387534499168], [0.9983497858047485, 0.03965604305267334, 0.041534483432769775, 0.11175254732370347], [-0.037530943751335144, -0.09685288369655609, 0.9945907592773436, -6.876885549206291e-08], [0.0, 0.0, 0.0, 1.0]], [[0.6838914155960084, -0.7261620163917544, -0.0705758407711983, -5.869567304729595e-07], [0.7282457947731017, 0.6852914094924927, 0.005787048488855359, 0.1043471097946167], [0.04416269063949585, -0.055354274809360504, 0.9974894523620607, -9.202956903174575e-07], [0.0, 0.0, 0.0, 1.0]], [[0.9992643594741821, -0.03774395585060142, -0.006790099665522548, 0.0006997254095043315], [0.03523291647434246, 0.9734630584716797, -0.2261156290769577, 0.2587178945541383], [0.015144409611821175, 0.2257100492715836, 0.9740768671035769, -0.0053696036338805875], [0.0, 0.0, 0.0, 1.0]], [[0.9870468378067017, -0.149801567196846, 0.057427421212196364, 0.0029896295163781006], [0.15739743411540985, 0.9735028743743896, -0.1658858060836792, 0.2489292323589325], [-0.03105580806732177, 0.17277601361274725, 0.984471321105957, -0.00033807515865191817], [0.0, 0.0, 0.0, 1.0]]], "defaultLengths": [0.0, 0.11315660178670028, 0.3820040544335141, 0.39900809526448405, 0.15261650085453887, 0.11289934813978549, 0.3820035755696852, 0.3990086913109071, 0.15261662006390309, 0.09056361024504885, 0.08844131976366679, 0.11682280153040503, 0.11746677756311201, 0.1765830069803165, 0.1020188441309462, 0.1147948169492878, 0.10813631117429111, 0.25601738341684743, 0.2595592826020369, 0.11479502517083079, 0.10434710980032583, 0.25877455675038824, 0.24894741392966005], "guidances": {"BigSteps": [[-1.3459112935265694e-08, 0.7727393507957458, -7.690921677294682e-09], [0.11287160217761993, 0.7680799961090088, -0.004145125392824411], [0.14198091626167297, 0.45443490147590637, 0.13695766031742096], [0.14649882912635803, 0.12518735229969025, 0.08222655951976776], [0.14367905259132385, 0.06523484736680984, 0.18700271844863892], [-0.11261490732431412, 0.7773880958557129, 0.004135770257562399], [-0.09350559860467911, 0.4333801865577698, 0.024692270904779434], [-0.08889420330524445, 0.11857976764440536, -0.15954841673374176], [-0.07346954941749573, 0.03069791942834854, -0.058285243809223175], [0.00301171513274312, 0.8609569072723389, -0.019588496536016464], [0.00432140426710248, 0.9484301805496216, -0.00786096416413784], [0.005471621640026569, 1.0630574226379395, 0.013815286569297314], [0.006295569706708193, 1.1791045665740967, 0.031221991404891014], [0.0075529832392930984, 1.3542660474777222, 0.052253514528274536], [0.004562677815556526, 1.4554563760757446, 0.06437502056360245], [0.03330744430422783, 1.2896217107772827, 0.045699551701545715], [0.14032426476478577, 1.2748905420303345, 0.045702118426561356], [0.16894638538360596, 1.0241215229034424, 0.010312841273844242], [0.18573477864265442, 0.7682803869247437, 0.008034225553274155], [-0.019124913960695267, 1.2902922630310059, 0.043365322053432465], [-0.12264269590377808, 1.2800698280334473, 0.03603663668036461], [-0.21313448250293732, 1.0403016805648804, 0.005771971307694912], [-0.285300076007843, 0.8075555562973022, 0.03469975292682648]], "Chicken": [[3.845460838647341e-09, 0.7970393896102905, 0.0], [0.11312378197908401, 0.7972672581672668, -0.0009169040131382644], [0.12123852223157883, 0.47736114263534546, 0.19284331798553467], [0.10721389949321747, 0.1271074116230011, 0.024859396740794182], [0.1440132111310959, 0.050632912665605545, 0.14503435790538788], [-0.11286655813455582, 0.7968118786811829, 0.0009148928220383823], [-0.09764720499515533, 0.4676307439804077, 0.17534397542476654], [-0.03548561781644821, 0.14153923094272614, -0.026023199781775475], [-0.048655834048986435, 0.0482332669198513, 0.08577394485473633], [-0.000119107382488437, 0.8872179985046387, 0.007505212910473347], [-0.0015712360618636012, 0.9704622626304626, 0.03717312961816788], [-0.004317787475883961, 1.0710104703903198, 0.09622521698474884], [-0.008124505169689655, 1.165676474571228, 0.16501106321811676], [-0.015015000477433205, 1.2976813316345215, 0.28064703941345215], [-0.02120656706392765, 1.3762006759643555, 0.34484636783599854], [0.013713161461055279, 1.2507121562957764, 0.23806442320346832], [0.1212771013379097, 1.2437959909439087, 0.2324676215648651], [0.2299623191356659, 1.1473857164382935, 0.022277919575572014], [0.1782078593969345, 0.9085845351219177, -0.06388888508081436], [-0.03868187218904495, 1.2477216720581055, 0.23832041025161743], [-0.1419818252325058, 1.2364387512207031, 0.23033149540424347], [-0.2688530683517456, 1.132050633430481, 0.031062094494700432], [-0.16377823054790497, 0.919381320476532, -0.042859602719545364]], "Dinosaur": [[2.8840956289855058e-09, 0.7724525332450867, -9.613652096618353e-10], [0.1130138710141182, 0.7726485133171082, -0.0011974842054769397], [0.14664465188980103, 0.42431989312171936, 0.13847051560878754], [0.06246369704604149, 0.1198209598660469, -0.08389385789632797], [0.12577693164348602, 0.03931891545653343, 0.016011321917176247], [-0.11275701969861984, 0.7722567915916443, 0.0011948597384616733], [-0.12409251928329468, 0.5235027074813843, 0.28092536330223083], [-0.09139899909496307, 0.157508984208107, 0.17724215984344482], [-0.11469725519418716, 0.08157970011234283, 0.2962939143180847], [-0.00038061506347730756, 0.8603514432907104, -0.020561574026942253], [7.534315227530897e-05, 0.9480823278427124, -0.011544832028448582], [-0.002235315041616559, 1.0584877729415894, 0.02548382803797722], [-0.007452520541846752, 1.1636381149291992, 0.07671619206666946], [-0.018872270360589027, 1.3115721940994263, 0.17130811512470245], [-0.027667414397001266, 1.3996111154556274, 0.2212485820055008], [0.0114826001226902, 1.258795976638794, 0.13739776611328125], [0.11891619861125946, 1.2479243278503418, 0.13563235104084015], [0.15841461718082428, 1.0251588821411133, 0.017145812511444092], [0.06954512000083923, 0.9618459939956665, 0.25209036469459534], [-0.04085453599691391, 1.2557218074798584, 0.1357606053352356], [-0.13952022790908813, 1.2224504947662354, 0.13290493190288544], [-0.16744491457939148, 0.9862033724784851, 0.03311600908637047], [-0.10765302926301956, 0.9838487505912781, 0.27399134635925293]], "DragLeftLeg": [[-7.690921677294682e-09, 0.825137734413147, 5.7681912579710115e-09], [0.11271339654922485, 0.8311015963554382, -0.005376165732741356], [0.12159954756498337, 0.4608689844608307, -0.07554451376199722], [0.11301546543836594, 0.086605966091156, -0.20233508944511414], [0.1883792281150818, 0.022642409428954124, -0.09025339037179947], [-0.11245721578598022, 0.819187581539154, 0.005364068318158388], [-0.12986469268798828, 0.4803522825241089, 0.16794534027576447], [-0.12951414287090302, 0.09202674776315689, 0.14245721697807312], [-0.17107200622558594, 0.0387287400662899, 0.27528223395347595], [-0.005450717639178038, 0.9135230183601379, -0.01769668236374855], [-0.007758828811347485, 1.0009371042251587, -0.005580054130405188], [-0.008464928716421127, 1.1160365343093872, 0.013267159461975098], [-0.0065940734930336475, 1.2327550649642944, 0.02446594089269638], [-0.00037145998794585466, 1.40872061252594, 0.031982842832803726], [-0.0030178753659129143, 1.5102320909500122, 0.039760079234838486], [0.02351236715912819, 1.343131422996521, 0.030289415270090103], [0.12898607552051544, 1.3213460445404053, 0.03786947950720787], [0.14374996721744537, 1.0673575401306152, 0.03169071674346924], [0.15155844390392303, 0.8106364011764526, 0.0401921346783638], [-0.028824618086218834, 1.3451008796691895, 0.028157707303762436], [-0.13199052214622498, 1.331135630607605, 0.025398854166269302], [-0.18687307834625244, 1.0803868770599365, 0.0006465681362897158], [-0.22855660319328308, 0.8371513485908508, 0.01736467331647873]], "HandsBetweenLegs": [[4.806826048309176e-09, 0.7931185960769653, 9.613652096618353e-10], [0.11240271478891373, 0.8013082146644592, -0.003220906248316169], [0.2622731029987335, 0.4855458438396454, 0.1335928589105606], [0.3192421495914459, 0.12253159284591675, 0.0499645359814167], [0.396300345659256, 0.0653618797659874, 0.1514860838651657], [-0.11214718222618103, 0.7849475145339966, 0.0032136489171534777], [-0.19913500547409058, 0.4582866132259369, 0.1691361367702484], [-0.22762297093868256, 0.09725679457187653, 0.06483270227909088], [-0.27069002389907837, 0.037012260407209396, 0.18545755743980408], [-0.004394235089421272, 0.871883749961853, 0.044052861630916595], [-0.007881450466811657, 0.9403830766677856, 0.0996645912528038], [-0.010041515342891216, 0.9991691708564758, 0.2004445344209671], [-0.010710455477237701, 1.029161810874939, 0.31391704082489014], [-0.00954433437436819, 1.031950831413269, 0.4903736412525177], [-0.0121172359213233, 1.0340899229049683, 0.5922568440437317], [0.015881318598985672, 1.0352076292037964, 0.42534178495407104], [0.12251246720552444, 1.0195648670196533, 0.42179134488105774], [0.07843738794326782, 0.8002639412879944, 0.2998206913471222], [0.043875910341739655, 0.5691760778427124, 0.19023047387599945], [-0.035825155675411224, 1.0266451835632324, 0.42583775520324707], [-0.13324956595897675, 0.992301344871521, 0.4144773483276367], [-0.05294420197606087, 0.7642598748207092, 0.3265853524208069], [0.014179316349327564, 0.53078693151474, 0.2795790135860443]], "Idle": [[0.0, 0.8460158109664917, 0.0], [0.11286647617816925, 0.8380361199378967, -0.0013824701309204102], [0.09770655632019043, 0.4569494426250458, -0.02304863929748535], [0.08504962921142578, 0.0687248632311821, -0.11431162059307098], [0.09593193233013153, 0.0175323486328125, 0.029050588607788086], [-0.11260992288589478, 0.8539766669273376, 0.0013793706893920898], [-0.1132674291729927, 0.49955102801322937, 0.14388179779052734], [-0.13819696009159088, 0.1276063770055771, 0.0016013383865356445], [-0.14474181830883026, 0.03194624185562134, 0.12033700942993164], [0.005928695201873779, 0.933678150177002, -0.0219498872756958], [0.01169922947883606, 1.0211772918701172, -0.010437488555908203], [0.021483302116394043, 1.1342428922653198, 0.017275214195251465], [0.03328108787536621, 1.2472385168075562, 0.047127723693847656], [0.05351685360074043, 1.4160343408584595, 0.09488153457641602], [0.06278517842292786, 1.5151063203811646, 0.11729097366333008], [0.07216262072324753, 1.3513182401657104, 0.07599949836730957], [0.1776794046163559, 1.3276633024215698, 0.0763702392578125], [0.256468266248703, 1.084886074066162, 0.056449174880981445], [0.35605746507644653, 0.8451933264732361, 0.0560307502746582], [0.020012281835079193, 1.3568063974380493, 0.07870006561279297], [-0.08417949080467224, 1.3581310510635376, 0.07316292822360992], [-0.21751295030117035, 1.1423487663269043, 0.021969199180603027], [-0.3628886640071869, 0.9511474370956421, 0.08741259574890137]], "LeanRight": [[-1.9227304193236705e-09, 0.8466142416000366, -4.326143443478259e-09], [0.11303599178791046, 0.8508145213127136, 0.0023622934240847826], [0.08679743856191635, 0.4780810475349426, 0.05641661956906319], [0.07813771814107895, 0.10820259898900986, -0.04681786522269249], [0.0801841989159584, 0.03197936713695526, 0.07868823409080505], [-0.11277898401021957, 0.8424236178398132, -0.0023567979224026203], [-0.14392118155956268, 0.4776643216609955, 0.08317596465349197], [-0.14108656346797943, 0.11191392689943314, -0.03881307691335678], [-0.14011985063552856, 0.030126383528113365, 0.08262123912572861], [-0.003052492393180728, 0.9361559748649597, -0.012974344193935394], [-0.005687769502401352, 1.0230478048324585, 0.0031848992221057415], [-0.026731884106993675, 1.1339800357818604, 0.03307075798511505], [-0.0657966360449791, 1.241166591644287, 0.06093250587582588], [-0.1466158926486969, 1.3931233882904053, 0.10012242197990417], [-0.1977105587720871, 1.4757483005523682, 0.13100798428058624], [-0.09374832361936569, 1.3496183156967163, 0.08592323958873749], [0.009129495359957218, 1.3828181028366089, 0.08378785848617554], [0.13773342967033386, 1.1779356002807617, 0.0016050966223701835], [0.24091266095638275, 0.9428354501724243, 0.026279637590050697], [-0.14013822376728058, 1.3250480890274048, 0.08553773164749146], [-0.22391992807388306, 1.262959599494934, 0.08866388350725174], [-0.20968659222126007, 1.0130826234817505, 0.02321845293045044], [-0.19863000512123108, 0.7646670341491699, 0.031000103801488876]], "LegsApart": [[-1.9227304193236705e-08, 0.8357584476470947, -3.845460838647341e-09], [0.1125703752040863, 0.8362107872962952, 0.001845459803007543], [0.20984065532684326, 0.4774637520313263, 0.06456127017736435], [0.28498920798301697, 0.09957689046859741, 0.01468993816524744], [0.3524082601070404, 0.046999379992485046, 0.13794390857219696], [-0.11231444031000137, 0.8353070616722107, -0.0018411913188174367], [-0.208505317568779, 0.47392135858535767, 0.026666825637221336], [-0.24788591265678406, 0.10933215916156769, -0.10230995714664459], [-0.32883164286613464, 0.03252853825688362, -0.007577646058052778], [-7.239080150611699e-05, 0.9241307377815247, -0.01756824553012848], [-0.0008485432481393218, 1.0112817287445068, -0.00454598106443882], [-0.0016712950309738517, 1.125342845916748, 0.018163958564400673], [-0.002354971831664443, 1.2408016920089722, 0.035953257232904434], [-0.0032378127798438072, 1.4150046110153198, 0.05678436532616615], [-0.0019473530119284987, 1.5156928300857544, 0.06956274062395096], [0.02316923253238201, 1.3512128591537476, 0.048838116228580475], [0.12937504053115845, 1.334619402885437, 0.048303037881851196], [0.1771719604730606, 1.088889718055725, 0.0002751581196207553], [0.23556853830814362, 0.8408952355384827, -0.016928160563111305], [-0.028996579349040985, 1.3508825302124023, 0.049435947090387344], [-0.13174666464328766, 1.3368241786956787, 0.05257429555058479], [-0.20134851336479187, 1.091520071029663, 0.019402554258704185], [-0.2651430666446686, 0.8557055592536926, 0.047034695744514465]], "Neutral": [[2.643754326570047e-09, 0.8368040323257446, -3.845460838647341e-09], [0.11304431408643723, 0.8346585035324097, 0.001053929328918457], [0.10600785166025162, 0.4730135202407837, 0.08166053146123886], [0.09635595232248306, 0.12665468454360962, -0.009868325665593147], [0.09084558486938477, 0.05155319347977638, 0.10139394551515579], [-0.11278735101222992, 0.8389446139335632, -0.001051514409482479], [-0.10187867283821106, 0.4684412181377411, 0.039368629455566406], [-0.07977218180894852, 0.11479432135820389, -0.07182333618402481], [-0.05980227142572403, 0.03483985736966133, 0.038999658077955246], [0.0018647791584953666, 0.9249929189682007, -0.020357655361294746], [0.00261151441372931, 1.0127695798873901, -0.00962638109922409], [0.00318549876101315, 1.1284360885620117, 0.0066417185589671135], [0.0035009554121643305, 1.2455998659133911, 0.014421151950955391], [0.0037223296239972115, 1.422046184539795, 0.01561002992093563], [0.0037011236418038607, 1.5240106582641602, 0.015335971489548683], [0.029875563457608223, 1.357228398323059, 0.015571271069347858], [0.13604944944381714, 1.3375869989395142, 0.01815914362668991], [0.1619996875524521, 1.0848737955093384, 0.01939637027680874], [0.1734025925397873, 0.8324967622756958, 0.04261721298098564], [-0.022593576461076736, 1.3573025465011597, 0.014776771888136864], [-0.12558624148368835, 1.3424742221832275, 0.02059430070221424], [-0.16769568622112274, 1.089000940322876, 0.03742257133126259], [-0.18863976001739502, 0.850249171257019, 0.09097567200660706]], "OnHeels": [[-1.5381843354589364e-08, 0.8544651865959167, 5.7681912579710115e-09], [0.11272921413183212, 0.8536058068275452, -0.00523099210113287], [0.11023667454719543, 0.47983652353286743, 0.06051396206021309], [0.10617653280496597, 0.08550667017698288, 0.07942512631416321], [0.12014225125312805, 0.06154327839612961, 0.22793632745742798], [-0.11247287690639496, 0.8553224205970764, 0.005219182465225458], [-0.08347640186548233, 0.48221060633659363, 0.0712563619017601], [-0.06115982308983803, 0.08790254592895508, 0.08501766622066498], [-0.07534127682447433, 0.05158771947026253, 0.23050932586193085], [0.000811553793027997, 0.9448453187942505, 0.00017343989748042077], [0.0015301704406738281, 1.0309003591537476, 0.020238686352968216], [0.004971308168023825, 1.144264578819275, 0.047039374709129333], [0.01124054379761219, 1.2597768306732178, 0.0637592226266861], [0.024585692211985588, 1.4339392185211182, 0.07718031108379364], [0.029529275372624397, 1.5346217155456543, 0.08790531754493713], [0.04569794237613678, 1.3678606748580933, 0.07322906702756882], [0.1509474217891693, 1.3472012281417847, 0.08292672038078308], [0.15576358139514923, 1.0942578315734863, 0.10390564054250717], [0.1475548893213272, 0.8397080898284912, 0.11152898520231247], [-0.006325764115899801, 1.3721328973770142, 0.0712776705622673], [-0.10978489369153976, 1.365226149559021, 0.07081937789916992], [-0.17777252197265625, 1.1191169023513794, 0.08796118199825287], [-0.21161511540412903, 0.8884375095367432, 0.1525072455406189]], "Star": [[1.5381843354589364e-08, 0.8327199220657349, 3.845460838647341e-09], [0.11297839879989624, 0.8310739398002625, 0.0010143095860257745], [0.21743498742580414, 0.473239928483963, 0.051702480763196945], [0.28167352080345154, 0.09745410084724426, -0.04111805558204651], [0.35909712314605713, 0.036562517285346985, 0.0715031623840332], [-0.1127215176820755, 0.8343621492385864, -0.0010119215585291386], [-0.20529918372631073, 0.4708290696144104, 0.04852186143398285], [-0.2630695700645447, 0.09260658919811249, -0.03404539078474045], [-0.36091306805610657, 0.028920289129018784, 0.061193227767944336], [0.0014537303941324353, 0.9208312630653381, -0.020277373492717743], [0.0018495244439691305, 1.0083602666854858, -0.008426547050476074], [0.0003973014827352017, 1.1206728219985962, 0.022851670160889626], [-0.003191640367731452, 1.231907844543457, 0.059378862380981445], [-0.01128294412046671, 1.396424651145935, 0.1211700588464737], [-0.016113104298710823, 1.4933462142944336, 0.1517518311738968], [0.017802057787775993, 1.337449312210083, 0.09811656922101974], [0.1252192258834839, 1.337160348892212, 0.10425105690956116], [0.33950862288475037, 1.1998385190963745, 0.11239016801118851], [0.5493844747543335, 1.053583025932312, 0.14352716505527496], [-0.03442663699388504, 1.3345978260040283, 0.09885288029909134], [-0.13714160025119781, 1.3213516473770142, 0.10661271959543228], [-0.34922516345977783, 1.1795834302902222, 0.1413884311914444], [-0.5625649690628052, 1.0647180080413818, 0.18938599526882172]], "Zombie": [[-7.690921677294682e-09, 0.8490082621574402, 1.1536382515942023e-08], [0.11278572678565979, 0.843069851398468, 0.004090001340955496], [0.12200503051280975, 0.46828240156173706, 0.05847702547907829], [0.1271202117204666, 0.09852709621191025, -0.06240882724523544], [0.14019723236560822, 0.026285888627171516, 0.06633660942316055], [-0.11252927780151367, 0.8549332618713379, -0.004080599173903465], [-0.14600391685962677, 0.47940054535865784, 0.04610079899430275], [-0.15276210010051727, 0.10270065814256668, -0.024424906820058823], [-0.18841174244880676, 0.0305874515324831, 0.09897531569004059], [0.005507627036422491, 0.9352818131446838, -0.026580026373267174], [0.009317828342318535, 1.023199200630188, -0.01881517469882965], [0.015551659278571606, 1.1373071670532227, 0.004324874375015497], [0.0229987520724535, 1.2513461112976074, 0.029878977686166763], [0.03562596067786217, 1.4217065572738647, 0.07146908342838287], [0.04554830491542816, 1.52048659324646, 0.09322231262922287], [0.05705893784761429, 1.3574626445770264, 0.055231425911188126], [0.16354858875274658, 1.3423837423324585, 0.061702754348516464], [0.24870294332504272, 1.239673376083374, 0.2799582779407501], [0.31610268354415894, 1.1375024318695068, 0.5083099007606506], [0.004920694045722485, 1.360857605934143, 0.05716903880238533], [-0.09790708124637604, 1.3644217252731323, 0.07117306441068649], [-0.13842910528182983, 1.2698861360549927, 0.30795368552207947], [-0.1551564335823059, 1.192297101020813, 0.5420815944671631]]}, "sequenceLength": 16, "sequenceWindow": 0.5, "inputDim": 441, "outputDim": 352, "latentDim": 1024}