{"boneNames": ["Hips", "Spine", "Spine1", "Neck", "Head", "HeadSite", "LeftShoulder", "LeftArm", "LeftForeArm", "LeftHand", "LeftHandSite", "RightShoulder", "RightArm", "RightForeArm", "RightHand", "RightHandSite", "LeftUpLeg", "LeftLeg", "LeftFoot", "LeftFootSite", "RightUpLeg", "RightLeg", "RightFoot", "RightFootSite", "Tail", "Tail1", "Tail1Site"], "boneCount": 27, "parentIndices": [0, 0, 1, 2, 3, 5, 2, 6, 7, 8, 9, 2, 11, 12, 13, 14, 0, 16, 17, 18, 0, 20, 21, 22, 0, 24, 25], "children": [[1, 16, 20, 24], [2], [3, 6, 11], [4], [], [], [7], [8], [9], [10], [], [12], [13], [14], [15], [], [17], [18], [19], [], [21], [22], [23], [], [25], [26], []], "tposeTransforms": [[[-0.0039010047912597656, -0.017766280099749565, -0.9998345375061035, -0.007272727321833372], [-0.006660467013716698, 0.9998204708099365, -0.017740042880177498, 0.4717119977329718], [0.9999701976776123, 0.006590161472558975, -0.004018664360046387, -0.2133333384990692], [0.0, 0.0, 0.0, 1.0]], [[0.0011136179933852464, 0.008961690607755313, -0.9999592734566731, -0.007272727321833372], [0.16081823829895991, -0.9869459998478478, -0.008665969497717165, 0.4717119977329718], [-0.98698340174561, -0.16080201906459834, -0.0025403128116092445, -0.2133333384990692], [0.0, 0.0, 0.0, 1.0]], [[0.0030163924956046395, 0.031594903072072966, -0.9994962222501863, -0.007484300448806366], [-0.0553523893826012, -0.9979631106131821, -0.03171349111539511, 0.4411565332938147], [-0.998462383963143, 0.055420197564215706, -0.0012614232643913298, -0.02580640384433322], [0.0, 0.0, 0.0, 1.0]], [[0.07294821549698201, -0.07274370697417429, -0.9946791534786569, -0.007973341922967772], [-0.3242687633689284, -0.9448785545742231, 0.04532028151802353, 0.44762302338200366], [-0.9431479714631484, 0.3192374449693105, -0.09251576217853055, 0.1991801490425138], [0.0, 0.0, 0.0, 1.0]], [[0.18710256830174002, 0.03901764118397863, 0.9815650623616186, -0.018208545299917216], [0.0074934507885741075, 0.9991249443554016, -0.041144027996288454, 0.49272892573548993], [-0.98231160281, 0.015053436663591602, 0.18664654071882805, 0.331319507417552], [0.0, 0.0, 0.0, 1.0]], [[1.0, 0.0, 0.0, 0.0], [0.0, 1.0, 0.0, 0.0], [0.0, 0.0, 1.0, 0.0], [0.0, 0.0, 0.0, 1.0]], [[0.3614680189078402, 0.723615646562206, -0.5879807090766784, -0.049890824065368135], [0.647606851516173, -0.6485331996574796, -0.40001258251261135, 0.4138279499972184], [-0.6707803483840717, -0.2361885767750051, -0.7030425245532907, 0.17388550041653852], [0.0, 0.0, 0.0, 1.0]], [[0.008205297669775125, -0.5220100460604282, -0.8528998765275084, -0.07880831715174216], [0.6872903844078198, 0.6224779189167333, -0.3743702547752288, 0.36201937014191427], [0.7263364181630841, -0.5831181285829541, 0.3638800325932739, 0.2275480782312457], [0.0, 0.0, 0.0, 1.0]], [[-0.15305245733165063, -0.5071566600834992, -0.8481552427063003, -0.08005554535371318], [0.9593536970763231, -0.28217261481660133, -0.0043927293486075575, 0.257551283064554], [-0.23709835859846826, -0.8143531394438266, 0.5297296787777992, 0.11714473694275189], [0.0, 0.0, 0.0, 1.0]], [[0.07969670019258865, -0.518454062812849, -0.8513836187524075, -0.052812187354895415], [0.8392831264772526, -0.4259195914887026, 0.33792976859222873, 0.08678620792950409], [-0.5378219679209072, -0.7414837022342713, 0.40118525116351716, 0.15934833655121847], [0.0, 0.0, 0.0, 1.0]], [[0.07969668405246152, -0.5184540713900578, -0.851383615040128, -0.05855031760090127], [0.8392831185245574, -0.42591960788070965, 0.3379297676834183, 0.026357883820153437], [-0.5378219827229771, -0.7414836868211669, 0.4011852598071232, 0.198071473900035], [0.0, 0.0, 0.0, 1.0]], [[-0.4001038914358751, -0.6804483393258621, -0.6139275329108871, 0.03606568617829265], [0.6234425277553065, -0.6930836420630909, 0.3618763200935877, 0.416555312444782], [-0.671741255760816, -0.23796039670818764, 0.7015259032236372, 0.1739939821965851], [0.0, 0.0, 0.0, 1.0]], [[-0.05359124245451152, 0.48296622680570855, -0.8739975037631236, 0.06807402494175141], [0.6853297149577435, 0.654365504153258, 0.3195761773287713, 0.3666798380034268], [0.7262583339541635, -0.5818499972227642, -0.36605932099162747, 0.2277333518985518], [0.0, 0.0, 0.0, 1.0]], [[0.09252327957403789, 0.5260763503481138, -0.8453893401157602, 0.0762199139679247], [0.9671456343785523, -0.2493885390767071, -0.04934286012152222, 0.2625097740509308], [-0.2367884818564352, -0.8130492811101069, -0.5318666039663539, 0.11734187946423393], [0.0, 0.0, 0.0, 1.0]], [[-0.1313866339175132, 0.5462802525395855, -0.827233774478741, 0.059750756840843], [0.8325856621963612, -0.39213600572598695, -0.3911914834816781, 0.09035773299866612], [-0.5380882179707361, -0.7401401812492686, -0.40330358872353195, 0.15949032096976462], [0.0, 0.0, 0.0, 1.0]], [[-0.13138663357742802, 0.5462801820075388, -0.8272338211099924, 0.06921055862473206], [0.8325857088820088, -0.3921359750850838, -0.3911914148339742, 0.0304116241591142], [-0.5380881458169285, -0.7401402495412808, -0.4033035596621738, 0.19823262823633422], [0.0, 0.0, 0.0, 1.0]], [[0.09670011544438217, 0.11583368299958208, -0.9885502494509182, -0.053557323112272986], [0.821508619058092, -0.570034753029034, 0.01356608806380094, 0.3946147834474969], [-0.5619365644244347, -0.8134143511345693, -0.15028081876707133, -0.27387171077665234], [0.0, 0.0, 0.0, 1.0]], [[-0.057639680636402214, -0.035867543072289766, -0.9976929000105659, -0.0690293731801545], [0.6872830545830663, 0.7234113524749255, -0.06571335042871318, 0.263173370990881], [0.7240992436586189, -0.6894850971299987, -0.01704607262002978, -0.18396184155666012], [0.0, 0.0, 0.0, 1.0]], [[0.07402729741408776, 0.05044911340499662, -0.9959794640787772, -0.05865428553878456], [0.12820290931391343, 0.9899513335151024, 0.05967261810210099, 0.13946243372146339], [0.9889814085098689, -0.13210489461785724, 0.06681566440904431, -0.3142997109993547], [0.0, 0.0, 0.0, 1.0]], [[0.07402726854301486, 0.05044913857094309, -0.9959794649499272, -0.06410280301185671], [0.1282027647584159, 0.9899513515476203, 0.059672629516391136, 0.03254756339786911], [0.9889814294098445, -0.13210474987742257, 0.06681564122934229, -0.30003246672122946], [0.0, 0.0, 0.0, 1.0]], [[-0.12126322896246755, -0.08899985683769218, -0.9886225173401464, 0.04220268714326594], [0.8176413589127604, -0.5736691105517093, -0.04864684995120472, 0.3963138512676352], [-0.5628125112998772, -0.8142375850012433, 0.1423348947741211, -0.2734868197512918], [0.0, 0.0, 0.0, 1.0]], [[0.027402520481771664, 0.015721526538870503, -0.9995009672307289, 0.06160483638627246], [0.6887919667204274, 0.7243267294578285, 0.030277261588780337, 0.2654912015734671], [0.7244410880040459, -0.6892777712012192, 0.009019493422374084, -0.18343679877319702], [0.0, 0.0, 0.0, 1.0]], [[-0.08647229730964195, -0.08447203995174753, -0.9926667389371141, 0.056672437135907056], [0.12535518253440536, 0.9875573493344716, -0.09495707706804005, 0.14150866205879756], [0.988336380855003, -0.13264706002889398, -0.07480734674545197, -0.31383619975876087], [0.0, 0.0, 0.0, 1.0]], [[-0.08647230515345643, -0.08447204549688549, -0.9926667377819614, 0.0657954358254525], [0.12535515082482673, 0.9875573529591487, -0.09495708123185218, 0.034852342587398985], [0.988336384190595, -0.13264702951193102, -0.07480735678856208, -0.2995104014892544], [0.0, 0.0, 0.0, 1.0]], [[-0.013377582034544089, -0.06540126741985319, -0.9977693186971528, -0.006877664914293636], [0.567449114708766, 0.8211138490611206, -0.0614300093745752, 0.4649429370719082], [0.8232998175078439, -0.5670051010615, 0.02612734429495059, -0.28174858400252467], [0.0, 0.0, 0.0, 1.0]], [[-0.00993391007568065, -0.05906764989595257, -0.9982043929154917, -0.005271602850487597], [0.5236747000307471, 0.8501074528503646, -0.055515667463035455, 0.39684914594142506], [0.8518602986579249, -0.5232859173476019, 0.022487316245230777, -0.38054763089822646], [0.0, 0.0, 0.0, 1.0]], [[-0.009933907284966351, -0.05906764722643656, -0.9982043931012299, -0.00407955762522395], [0.5236746635803944, 0.8501074754851181, -0.055515664691833264, 0.334008190559544], [0.8518603210980463, -0.5232858808775034, 0.022487314841791516, -0.482770895407143], [0.0, 0.0, 0.0, 1.0]]], "zeroTransforms": [[[1.0, 0.0, 0.0, 0.0], [0.0, 1.0, 0.0, 0.0], [0.0, 0.0, 1.0, 0.0], [0.0, 0.0, 0.0, 1.0]], [[-0.9880294799804686, -0.15425866842269897, 0.0014183565508574243, 0.0], [0.15426519513130185, -0.9879876971244812, 0.00908440258353949, 1.0191500421363742e-17], [-2.89292074739933e-08, 0.009194460697472097, 0.999957799911499, -1.734723475976807e-18], [0.0, 0.0, 0.0, 1.0]], [[0.976567506790161, -0.21515429019927979, -0.004968188703060151, -0.1900000870227814], [0.21521162986755366, 0.9763071537017821, 0.022545160725712776, -1.4901161258899787e-08], [-2.0931474864493722e-07, -0.023086080327630046, 0.9997334480285646, -1.452281139877748e-08], [0.0, 0.0, 0.0, 1.0]], [[0.9598667621612548, -0.26666465401649475, 0.08686453849077225, -0.22499999403953552], [0.2736436426639558, 0.958347797393799, -0.08178199827671052, 0.0060000210069119705], [-0.061438087373971946, 0.1022697687149048, 0.9928574562072754, -7.677590474399615e-08], [0.0, 0.0, 0.0, 1.0]], [[0.9376842975616455, -0.3353365063667297, -0.09109015017747876, -0.14000007510185242], [-0.33428162336349476, -0.9420847296714782, 0.027057986706495278, 0.00030876800883558597], [-0.09488817304372787, 0.005077913403511047, -0.9954749941825866, -1.3271346688270569e-08], [0.0, 0.0, 0.0, 1.0]], [[1.0, 0.0, 0.0, 0.0], [0.0, 1.0, 0.0, 0.0], [0.0, 0.0, 1.0, 0.0], [0.0, 0.0, 0.0, 1.0]], [[0.6349925994873047, 0.2739059925079345, 0.7223294973373413, -0.19800004363059998], [-0.6720419526100161, 0.6569851636886599, 0.34165787696838384, 0.03700004518032068], [-0.38097766041755676, -0.7023859024047852, 0.601257085800171, 0.042999953031539924], [0.0, 0.0, 0.0, 1.0]], [[-0.03915226459503157, 0.6055752038955688, -0.7948243021965026, -0.080000139772892], [-0.6113455295562744, -0.6437064409255983, -0.4603244662284853, -5.2154064067444494e-08], [-0.7903946042060852, 0.4678896069526672, 0.39541828632354736, -6.239861251311485e-08], [0.0, 0.0, 0.0, 1.0]], [[0.4858856201171875, -0.7895901799201964, 0.3747835755348205, -0.15200011432170868], [0.815327823162079, 0.5639586448669434, 0.13111619651317602, 1.6391277312885477e-07], [-0.31489044427871704, 0.24186398088932026, 0.9177941083908081, -7.45058059553605e-08], [0.0, 0.0, 0.0, 1.0]], [[0.9204881191253663, -0.1534522920846939, 0.35938006639480585, -0.17800013720989227], [0.16073553264141088, 0.9869495630264282, 0.009723808616399751, -5.215406416458901e-08], [-0.3561821579933166, 0.048814494162798, 0.9331406354904174, 3.1664967564681845e-08], [0.0, 0.0, 0.0, 1.0]], [[0.9999999999999998, -2.273061217028527e-08, -5.115612822237381e-09, -0.0719999223947525], [2.2730611948240664e-08, 1.0, -7.946657581969774e-09, -9.778887033462524e-09], [5.115612822237381e-09, 7.946657526458623e-09, 1.0, -2.456363287772767e-08], [0.0, 0.0, 0.0, 1.0]], [[0.6349923610687255, 0.27390581369400024, -0.7223297357559204, -0.19800004363059995], [-0.6720418930053712, 0.6569854021072389, -0.34165751934051525, 0.037000037729740115], [0.3809781074523927, 0.7023857831954957, 0.6012569665908815, -0.042999882251024246], [0.0, 0.0, 0.0, 1.0]], [[-0.03915190696716292, 0.6055752635002137, 0.7948243021965027, -0.08000010251998904], [-0.6113454699516299, -0.6437063217163085, 0.4603247046470642, 1.4901161277114383e-08], [0.7903947234153746, -0.4678896665573119, 0.3954180479049682, 5.5879354199372955e-09], [0.0, 0.0, 0.0, 1.0]], [[0.4858856201171876, -0.7895902395248414, -0.37478324770927435, -0.15200011432170873], [0.8153277635574343, 0.5639585256576538, -0.1311161667108536, 1.63912773146202e-07], [0.3148902356624604, -0.24186374247074122, 0.9177941083908082, 7.45058059553605e-08], [0.0, 0.0, 0.0, 1.0]], [[0.9204883575439452, -0.15345229208469385, -0.3593798279762267, -0.17800013720989227], [0.16073553264141086, 0.9869496822357178, -0.009723734110593768, -5.2154064192344585e-08], [0.35618191957473755, -0.04881452023983007, 0.9331408739089966, -3.166496753692627e-08], [0.0, 0.0, 0.0, 1.0]], [[1.0, 7.15252568284086e-08, 4.764422822933767e-08, -0.07199992239475252], [-7.15252568284086e-08, 1.0, -7.390242726112994e-08, -9.778887047340312e-09], [-4.7644235223742726e-08, 7.390242737215225e-08, 1.0, 2.4563632905483246e-08], [0.0, 0.0, 0.0, 1.0]], [[-0.5677686929702759, -0.8100453019142151, -0.14651033282279965, -0.059842508286237744], [0.8159398436546326, -0.5773508548736573, 0.030136138200759888, -0.07666002213954924], [-0.10899949818849564, -0.10243326425552368, 0.9887499809265137, 0.047887928783893585], [0.0, 0.0, 0.0, 1.0]], [[0.15213727951049816, 0.9782671332359315, -0.14088231325149536, -0.16000004112720484], [-0.9874445796012878, 0.1443128585815428, -0.06424205750226973, -2.7755575615628914e-17], [-0.042514752596616745, 0.14888709783554077, 0.9879398345947267, 2.7939677238464355e-08], [0.0, 0.0, 0.0, 1.0]], [[0.7999655008316041, 0.5818117260932921, 0.14680109918117523, -0.17999999225139623], [-0.5917996764183043, 0.8054167032241819, 0.032822735607624054, 1.4901161193847656e-08], [-0.09913937747478485, -0.11313388496637343, 0.9886214733123779, 5.4016709327697754e-08], [0.0, 0.0, 0.0, 1.0]], [[1.0, 1.4732034969711094e-07, -2.1525432121645427e-08, -1.0058283816949398e-07], [-1.4732034969711094e-07, 1.0000000000000002, 1.431778784422022e-08, -0.1080001145601273], [2.1525435653542424e-08, -1.4317784284567647e-08, 1.0000000000000002, -6.938893903907228e-18], [0.0, 0.0, 0.0, 1.0]], [[-0.5677685737609863, -0.8100452423095703, 0.14651131629943845, -0.05984250828623772], [0.8159399032592775, -0.5773508548736571, -0.03013595938682556, -0.07666002213954921], [0.10899991542100905, 0.10243417322635649, 0.9887499809265137, -0.047887928783893585], [0.0, 0.0, 0.0, 1.0]], [[0.1521372795104981, 0.9782671332359315, 0.14088234305381778, -0.1600000411272049], [-0.9874445796012878, 0.14431285858154297, 0.06424227356910706, 2.7755575615628914e-17], [0.042514961212873494, -0.14888714253902435, 0.9879398345947266, -2.7939677238464355e-08], [0.0, 0.0, 0.0, 1.0]], [[0.7999655008316041, 0.5818116664886475, -0.1468007117509842, -0.1799999922513962], [-0.5917996168136597, 0.8054165840148927, -0.03282313421368601, 1.490116116609208e-08], [0.09913884848356248, 0.11313398182392123, 0.9886213541030884, -5.4016709327697754e-08], [0.0, 0.0, 0.0, 1.0]], [[0.9999999999999999, 3.1094891980720796e-08, -1.054781330334098e-08, -1.0058283805847168e-07], [-3.1094891980720796e-08, 1.0, -2.877391450106792e-09, -0.10800011456012729], [1.0547813313749321e-08, 2.877391880318214e-09, 0.9999999999999999, 2.0816681711721685e-17], [0.0, 0.0, 0.0, 1.0]], [[0.8195480108261108, -0.5722020864486694, 0.03042805008590221, -0.06836966425180438], [0.5730105638504028, 0.8183916807174683, -0.043520145118236535, -0.0072257313877343845], [2.551823854446411e-07, 0.05310244113206862, 0.998589038848877, 2.2351741790771484e-08], [0.0, 0.0, 0.0, 1.0]], [[0.9986280202865598, 0.052361659705638885, 0.00036507358890958824, -0.1200024783611297], [-0.052362933754921015, 0.9986038208007812, 0.006948716472834356, 1.7751008271893465e-06], [-7.175549399038306e-07, -0.006958299782127156, 0.9999756813049316, -8.370261639287224e-07], [0.0, 0.0, 0.0, 1.0]], [[1.0, 4.289416466463081e-08, 2.5751931490014535e-10, -0.12000001966953278], [-4.289416483116426e-08, 1.0, 3.101191303755968e-09, 2.3748725652694702e-08], [-2.57519196938949e-10, -3.101191296817074e-09, 1.0, 2.281740308154867e-08], [0.0, 0.0, 0.0, 1.0]]], "defaultLengths": [0.0, 1.0338082335557324e-17, 0.19000008702278254, 0.22507998038448532, 0.14000041559298235, 0.0, 0.20596605686806724, 0.08000013977293334, 0.15200011432181532, 0.17800013720990274, 0.07199992239475736, 0.20596604075265326, 0.08000010251999062, 0.15200011432181537, 0.1780001372099027, 0.07199992239475737, 0.10840266839721187, 0.16000004112720728, 0.17999999225140498, 0.10800011456017414, 0.10840266839721183, 0.16000004112720734, 0.17999999225140492, 0.10800011456017412, 0.06875043406403081, 0.12000247837717769, 0.1200000196695373], "guidances": {"Canter": [[7.690921677294682e-09, 0.47992727160453796, -1.9227304193236705e-09], [7.690921677294682e-09, 0.47992727160453796, -1.9227304193236705e-09], [0.0019224046263843775, 0.4439629018306732, 0.18502108752727509], [4.806826048309176e-09, 0.43751662969589233, 0.4036220908164978], [0.008559002541005611, 0.4632904827594757, 0.5384151935577393], [0.07226473838090897, 0.4510098099708557, 0.6934980750083923], [-0.04118725657463074, 0.40647032856941223, 0.3777429461479187], [-0.07897896319627762, 0.35704636573791504, 0.4197036623954773], [-0.08062435686588287, 0.24785886704921722, 0.3393388092517853], [-0.021889090538024902, 0.12991343438625336, 0.402333527803421], [-0.005380426533520222, 0.0886932983994484, 0.43310263752937317], [0.04394149035215378, 0.4088464677333832, 0.3768192231655121], [0.08996427804231644, 0.36184027791023254, 0.41797110438346863], [0.11423961073160172, 0.24114219844341278, 0.3624979555606842], [0.0682254359126091, 0.1463848203420639, 0.45782527327537537], [0.03945917636156082, 0.11382456868886948, 0.4890986680984497], [-0.052518442273139954, 0.4067743420600891, -0.052711788564920425], [-0.06842952221632004, 0.2957337200641632, 0.032277725636959076], [-0.05973688140511513, 0.195062518119812, -0.08659326285123825], [-0.04733923822641373, 0.10564766824245453, -0.09118203073740005], [0.04229068011045456, 0.4055284857749939, -0.061369895935058594], [0.039150629192590714, 0.27445188164711, 0.00905976165086031], [0.01083447691053152, 0.19216838479042053, -0.1232794001698494], [-0.005818428471684456, 0.10023810714483261, -0.13906671106815338], [-0.006418253295123577, 0.47289741039276123, -0.06524935364723206], [-0.033756472170352936, 0.4791739583015442, -0.14351217448711395], [-0.058792561292648315, 0.49260297417640686, -0.19076280295848846]], "Idle": [[-7.690921677294682e-09, 0.4625815749168396, -3.845460838647341e-08], [-7.690921677294682e-09, 0.4625815749168396, -3.845460838647341e-08], [-0.01511326339095831, 0.4338323771953583, 0.18718482553958893], [-3.845460838647341e-09, 0.4419090747833252, 0.4115986227989197], [0.014641517773270607, 0.4842871427536011, 0.5441975593566895], [0.06239829584956169, 0.5016684532165527, 0.7063903212547302], [-0.043231301009655, 0.40753281116485596, 0.38950854539871216], [-0.08118424564599991, 0.3653590977191925, 0.44589927792549133], [-0.09446254372596741, 0.25253358483314514, 0.34495848417282104], [-0.05878150835633278, 0.0812816470861435, 0.3778409957885742], [-0.05424586310982704, 0.01926415041089058, 0.41412976384162903], [0.04248868301510811, 0.4110862910747528, 0.3836078643798828], [0.09527579694986343, 0.3644338846206665, 0.42154109477996826], [0.11598579585552216, 0.2604764997959137, 0.31261274218559265], [0.0833992287516594, 0.08738463371992111, 0.3382558822631836], [0.06538962572813034, 0.023210741579532623, 0.365473210811615], [-0.04296872019767761, 0.38300076127052307, -0.05976266413927078], [-0.07798436284065247, 0.2515135407447815, 0.024398842826485634], [-0.04507533833384514, 0.1296645998954773, -0.1039319559931755], [-0.04425675794482231, 0.021895207464694977, -0.11090285331010818], [0.05252639576792717, 0.3901723325252533, -0.0612279511988163], [0.04719964787364006, 0.2535082995891571, 0.021803056821227074], [0.03747154027223587, 0.12596741318702698, -0.10483601689338684], [0.02547711506485939, 0.019709153100848198, -0.11996830999851227], [-0.0005471360054798424, 0.4558872580528259, -0.06842105090618134], [-0.0050466773100197315, 0.3538297712802887, -0.1313686966896057], [-0.008172379806637764, 0.24807147681713104, -0.1879623681306839]], "Jump": [[-1.652346481861855e-09, 0.6325486898422241, -3.605119536231882e-10], [-1.652346481861855e-09, 0.6325486898422241, -3.605119536231882e-10], [-0.008732262998819351, 0.5994055867195129, 0.155660480260849], [2.3733703891082314e-09, 0.5976447463035583, 0.36848872900009155], [-0.0009632798028178513, 0.5668609738349915, 0.4948481023311615], [0.01743561029434204, 0.4683905839920044, 0.621721625328064], [-0.047494690865278244, 0.5760756134986877, 0.3461546003818512], [-0.0946185514330864, 0.5429581999778748, 0.39347824454307556], [-0.13539612293243408, 0.43994998931884766, 0.34562426805496216], [-0.10407119989395142, 0.37768083810806274, 0.46159160137176514], [-0.1064237505197525, 0.3478395342826843, 0.5111106634140015], [0.034721650183200836, 0.5618557333946228, 0.3421318829059601], [0.07299931347370148, 0.510513424873352, 0.380260169506073], [0.06113336235284805, 0.37616923451423645, 0.35085994005203247], [0.013320701196789742, 0.36992180347442627, 0.49253222346305847], [-0.012556652538478374, 0.358756959438324, 0.5486696362495422], [-0.058431897312402725, 0.5604407787322998, -0.04100595414638519], [-0.11437306553125381, 0.49558794498443604, 0.08236957341432571], [-0.09321878850460052, 0.4106751084327698, -0.03660120069980621], [-0.06929008662700653, 0.3432862460613251, 0.016813578084111214], [0.035638004541397095, 0.5527107119560242, -0.04633055254817009], [0.05735408142209053, 0.464836984872818, 0.06826566904783249], [0.020124223083257675, 0.39829763770103455, -0.06054333224892616], [-0.0018495263066142797, 0.3291643559932709, -0.03300430625677109], [-0.006320180371403694, 0.6175979971885681, -0.06058276817202568], [0.01824023574590683, 0.593231201171875, -0.12546269595623016], [0.05836450681090355, 0.582862377166748, -0.16393549740314484]], "Lie": [[-4.806826048309176e-09, 0.16521012783050537, 9.613652096618353e-10], [-4.806826048309176e-09, 0.16521012783050537, 9.613652096618353e-10], [-0.00957897026091814, 0.07909973710775375, 0.16909438371658325], [-1.9227304193236705e-09, 0.18064552545547485, 0.3697372376918793], [0.0016777775017544627, 0.2676532566547394, 0.47939038276672363], [0.019801096990704536, 0.32564327120780945, 0.6380944848060608], [-0.04311985895037651, 0.1402367353439331, 0.36289626359939575], [-0.08147367089986801, 0.12451152503490448, 0.4313190281391144], [-0.09404723346233368, -0.012382620945572853, 0.4961702823638916], [-0.06807580590248108, 0.03867208585143089, 0.6647014021873474], [-0.07821057736873627, 0.04115930199623108, 0.7359410524368286], [0.04276462271809578, 0.14085157215595245, 0.35848480463027954], [0.09553948789834976, 0.12232435494661331, 0.415702223777771], [0.1445387750864029, -0.013350925408303738, 0.463608056306839], [0.17377711832523346, 0.02795068733394146, 0.6342629790306091], [0.19407372176647186, 0.03404572606086731, 0.7030735611915588], [-0.04496899992227554, 0.06765217334032059, 0.014537417329847813], [-0.10032878071069717, 0.11945274472236633, 0.1554335206747055], [-0.09617090970277786, 0.006020533386617899, 0.015736058354377747], [-0.10123717039823532, 0.008534429594874382, 0.12358563393354416], [0.05006347596645355, 0.0690993219614029, 0.0027173631824553013], [0.11365925520658493, 0.16444902122020721, 0.11434969305992126], [0.07926306128501892, 0.02188403718173504, 0.009996980428695679], [0.035321228206157684, 0.008890463039278984, 0.10779169946908951], [-0.004758779890835285, 0.11313655227422714, -0.044634971767663956], [-0.021284496411681175, 0.041679125279188156, -0.13961224257946014], [-0.033951833844184875, -0.007256078999489546, -0.2484462410211563]], "Pace": [[-3.68022640140353e-10, 0.4605672061443329, 2.8840956289855058e-09], [-3.68022640140353e-10, 0.4605672061443329, 2.8840956289855058e-09], [-0.005747371818870306, 0.43032926321029663, 0.18515363335609436], [-2.62873306455802e-10, 0.4251823127269745, 0.408340722322464], [0.007939337752759457, 0.4539681673049927, 0.5436649918556213], [0.057432908564805984, 0.44759413599967957, 0.7023486495018005], [-0.04193820059299469, 0.3926023542881012, 0.3822862505912781], [-0.07770787179470062, 0.34220561385154724, 0.4296461343765259], [-0.07310070842504501, 0.23197275400161743, 0.33617234230041504], [-0.014636852778494358, 0.0939822867512703, 0.3908313512802124], [0.002181020565330982, 0.04150250926613808, 0.41875705122947693], [0.04297010228037834, 0.39597538113594055, 0.3802892863750458], [0.08960872888565063, 0.34546810388565063, 0.4166967570781708], [0.11317801475524902, 0.2392716109752655, 0.3238924741744995], [0.06388749182224274, 0.09726586937904358, 0.38719800114631653], [0.03259368985891342, 0.046625442802906036, 0.4058983027935028], [-0.046134673058986664, 0.37738001346588135, -0.05070040002465248], [-0.07382869720458984, 0.24922055006027222, 0.02924678474664688], [-0.04182193800806999, 0.1282149702310562, -0.08684974163770676], [-0.025963125750422478, 0.028703974559903145, -0.08659131079912186], [0.04844624176621437, 0.3803495764732361, -0.052997104823589325], [0.05271126702427864, 0.2617778182029724, 0.04565458372235298], [0.026467332616448402, 0.12868328392505646, -0.05518009141087532], [0.009521386586129665, 0.029609771445393562, -0.04730268195271492], [-0.001245967112481594, 0.4469543397426605, -0.06669803708791733], [-0.016709454357624054, 0.4018634259700775, -0.16956683993339539], [-0.03304304555058479, 0.3694165050983429, -0.2686561644077301]], "Sit": [[-3.845460838647341e-09, 0.09597064554691315, -4.806826048309176e-09], [-3.845460838647341e-09, 0.09597064554691315, -4.806826048309176e-09], [0.006917699705809355, 0.22521160542964935, 0.13909809291362762], [-3.845460838647341e-09, 0.384776771068573, 0.29769179224967957], [-0.020357558503746986, 0.4714946150779724, 0.40569189190864563], [-0.009077252820134163, 0.5188181400299072, 0.5682884454727173], [-0.03599734604358673, 0.3381343185901642, 0.30591729283332825], [-0.0745057761669159, 0.3392542898654938, 0.3760300874710083], [-0.1057075560092926, 0.20458683371543884, 0.31282564997673035], [-0.09897749871015549, 0.06320764869451523, 0.4207633137702942], [-0.09948844462633133, 0.01787647046148777, 0.47669893503189087], [0.04864757880568504, 0.3505410850048065, 0.29712656140327454], [0.1030382588505745, 0.35667183995246887, 0.3554903268814087], [0.14494968950748444, 0.2167096734046936, 0.31358975172042847], [0.059060174971818924, 0.0757991150021553, 0.38030263781547546], [0.030073262751102448, 0.023042408749461174, 0.4198041558265686], [0.006757497787475586, 0.021198038011789322, 0.07819479703903198], [-0.08676902949810028, 0.01215475331991911, 0.20769673585891724], [0.09236464649438858, 0.0036756901536136866, 0.19223171472549438], [0.07573118805885315, -0.0022129223216325045, 0.29876768589019775], [0.08515498042106628, 0.07420149445533752, 0.06344866007566452], [0.07913613319396973, 0.17684583365917206, 0.18603627383708954], [0.16264793276786804, 0.018924850970506668, 0.16398176550865173], [0.19268903136253357, 0.0031145974062383175, 0.26650747656822205], [0.03872112184762955, 0.039189163595438004, 0.0017638542922213674], [0.11612646281719208, 0.01358654536306858, -0.08628641813993454], [0.18389002978801727, 0.004221006296575069, -0.18487823009490967]], "Stand": [[1.9227304193236705e-09, 0.25921711325645447, -5.7681912579710115e-09], [1.9227304193236705e-09, 0.25921711325645447, -5.7681912579710115e-09], [0.004139801952987909, 0.4328605830669403, 0.06611157208681107], [5.7681912579710115e-09, 0.6437625885009766, 0.12028071284294128], [-0.009748919866979122, 0.7704479694366455, 0.15258270502090454], [0.003135204315185547, 0.9235759973526001, 0.19494707882404327], [-0.038492728024721146, 0.6098883152008057, 0.14753787219524384], [-0.07721899449825287, 0.643688976764679, 0.20527033507823944], [-0.10037334263324738, 0.5058608651161194, 0.23489628732204437], [-0.01560946460813284, 0.5571943521499634, 0.36446723341941833], [0.007916441187262535, 0.5136048197746277, 0.4044240713119507], [0.046414781361818314, 0.6138671636581421, 0.1394401490688324], [0.1016291156411171, 0.6493199467658997, 0.18287768959999084], [0.16484959423542023, 0.5186261534690857, 0.19332045316696167], [0.0964067205786705, 0.5623060464859009, 0.33247891068458557], [0.060179702937603, 0.5230451226234436, 0.3709978759288788], [-0.04011957347393036, 0.1939462274312973, 0.07025269418954849], [-0.06638496369123459, 0.23142533004283905, 0.19574610888957977], [-0.06582621484994888, 0.07919064909219742, 0.1155213862657547], [-0.07956861704587936, 0.02693832851946354, 0.18950842320919037], [0.053522784262895584, 0.19003279507160187, 0.05417044088244438], [0.08905212581157684, 0.20183458924293518, 0.19554376602172852], [0.08469191193580627, 0.054835572838783264, 0.11320672929286957], [0.0946887657046318, 0.0030310864094644785, 0.18932467699050903], [-0.0046482086181640625, 0.194514200091362, -0.002634679200127721], [-0.005295055452734232, 0.11545116454362869, -0.04969259724020958], [-0.0007974139880388975, 0.050915591418743134, -0.09939011931419373]], "Trot": [[4.566484967938322e-09, 0.45087358355522156, 0.0], [4.566484967938322e-09, 0.45087358355522156, 0.0], [-0.005982212256640196, 0.4280223846435547, 0.18692784011363983], [2.403413024154588e-10, 0.4228745996952057, 0.410632461309433], [-0.003022224409505725, 0.4502388834953308, 0.5474681258201599], [0.042375802993774414, 0.44734111428260803, 0.7092737555503845], [-0.041433218866586685, 0.39007219672203064, 0.38462817668914795], [-0.07814354449510574, 0.34210509061813354, 0.43338602781295776], [-0.07792775332927704, 0.22517773509025574, 0.3480665385723114], [-0.011681536212563515, 0.10310076177120209, 0.4084804952144623], [0.004987249616533518, 0.057239241898059845, 0.4321477711200714], [0.04307430237531662, 0.3942756652832031, 0.3824516534805298], [0.0901138186454773, 0.34429386258125305, 0.41837793588638306], [0.11484308540821075, 0.23945185542106628, 0.32153475284576416], [0.06606556475162506, 0.10909517109394073, 0.38498395681381226], [0.035745251923799515, 0.06556402891874313, 0.40475237369537354], [-0.04823078587651253, 0.37352150678634644, -0.05586918443441391], [-0.07212314754724503, 0.2505436837673187, 0.029170578345656395], [-0.04968411847949028, 0.14145301282405853, -0.09312038868665695], [-0.03603788837790489, 0.043573714792728424, -0.08455494046211243], [0.04569388926029205, 0.3747375011444092, -0.05982688069343567], [0.04677204042673111, 0.24851201474666595, 0.02707202173769474], [0.020089508965611458, 0.1395176649093628, -0.09281652420759201], [0.003532242961227894, 0.04178190231323242, -0.08595383912324905], [-0.0027733175083994865, 0.44267863035202026, -0.06756193190813065], [-0.00941311102360487, 0.3692416846752167, -0.15776000916957855], [-0.012944022193551064, 0.2925637364387512, -0.2394636571407318]], "Walk": [[-9.613652096618353e-10, 0.4572087228298187, -6.00853256038647e-10], [-9.613652096618353e-10, 0.4572087228298187, -6.00853256038647e-10], [-0.0071814823895692825, 0.42147505283355713, 0.18424274027347565], [3.3647782338164234e-09, 0.42222094535827637, 0.4077795445919037], [0.027861351147294044, 0.46443280577659607, 0.5369377732276917], [0.0838228315114975, 0.4840673804283142, 0.693751871585846], [-0.042639944702386856, 0.3896801173686981, 0.38300904631614685], [-0.07879241555929184, 0.3393871486186981, 0.4302889108657837], [-0.07688478380441666, 0.23359842598438263, 0.3303866982460022], [-0.014974859543144703, 0.09330291301012039, 0.3767467439174652], [0.0028630115557461977, 0.03830379992723465, 0.39364898204803467], [0.042384278029203415, 0.39152592420578003, 0.3801976442337036], [0.08988502621650696, 0.34323248267173767, 0.4199969172477722], [0.10287724435329437, 0.234605610370636, 0.32701364159584045], [0.06199229508638382, 0.08736276626586914, 0.39518627524375916], [0.035852618515491486, 0.03513798862695694, 0.4251997768878937], [-0.04358864948153496, 0.3743651807308197, -0.05310261622071266], [-0.07326287776231766, 0.2513687014579773, 0.02963196113705635], [-0.038206495344638824, 0.13313548266887665, -0.0869339182972908], [-0.023482926189899445, 0.033657655119895935, -0.08407263457775116], [0.05047982186079025, 0.37900543212890625, -0.054053355008363724], [0.052197981625795364, 0.25852102041244507, 0.041217319667339325], [0.03527959808707237, 0.12533125281333923, -0.06174333766102791], [0.019654175266623497, 0.024829916656017303, -0.055027808994054794], [-0.00011909729073522612, 0.4450390934944153, -0.06660410761833191], [-0.0020596678368747234, 0.40478602051734924, -0.17738616466522217], [-0.004948695655912161, 0.3891436457633972, -0.29214420914649963]]}, "sequenceLength": 16, "sequenceWindow": 0.5, "inputDim": 339, "outputDim": 412, "latentDim": 1024, "feedBoneAxes": false}